0 0.315104 0.547454 0.143229 0.178241
0 0.206380 0.737269 0.139323 0.155093
0 0.064453 0.479167 0.126302 0.125000
0 0.032552 0.336806 0.062500 0.104167
0 0.145182 0.160880 0.069010 0.192130
0 0.477214 0.259259 0.123698 0.162037
0 0.531901 0.098380 0.126302 0.168981
0 0.495443 0.461806 0.178385 0.182870
0 0.529297 0.822917 0.175781 0.192130
0 0.195964 0.924769 0.162760 0.150463
0 0.354167 0.831019 0.109375 0.143519
0 0.681641 0.776620 0.178385 0.303241
0 0.813802 0.920139 0.096354 0.159722
0 0.822266 0.186343 0.113281 0.118056
0 0.282552 0.237269 0.132812 0.094907
