0 0.285807 0.143519 0.204427 0.208333
0 0.578776 0.262731 0.378906 0.196759
0 0.138672 0.178241 0.113281 0.208333
0 0.262370 0.375000 0.295573 0.194444
0 0.488281 0.476852 0.335938 0.254630
0 0.291667 0.585648 0.377604 0.226852
0 0.811849 0.500000 0.363281 0.236111
0 0.643880 0.094907 0.230469 0.171296
0 0.785156 0.106481 0.117188 0.194444
0 0.246745 0.782407 0.363281 0.189815
0 0.240234 0.923611 0.410156 0.152778
0 0.854818 0.809028 0.194010 0.381944
0 0.483724 0.944444 0.201823 0.106481
0 0.963542 0.766204 0.072917 0.189815
0 0.914714 0.166667 0.131510 0.240741
0 0.871094 0.362269 0.171875 0.201389
