0 0.348958 0.237269 0.104167 0.182870
0 0.145833 0.075231 0.216146 0.131944
0 0.427734 0.070602 0.196615 0.136574
0 0.223307 0.373843 0.079427 0.081019
0 0.548828 0.655093 0.157552 0.148148
0 0.511068 0.825231 0.201823 0.159722
0 0.284505 0.732639 0.131510 0.122685
0 0.675781 0.927083 0.166667 0.099537
0 0.498698 0.260417 0.114583 0.131944
0 0.844401 0.188657 0.154948 0.196759
0 0.684245 0.106481 0.082031 0.157407
0 0.091146 0.368056 0.177083 0.166667
0 0.279948 0.549769 0.174479 0.159722
0 0.174479 0.504630 0.088542 0.106481
0 0.695964 0.524306 0.095052 0.118056
0 0.735026 0.373843 0.261719 0.196759
0 0.591146 0.532407 0.072917 0.129630
0 0.029297 0.686343 0.055990 0.131944
0 0.167318 0.760417 0.092448 0.192130
0 0.068359 0.832176 0.126302 0.136574
0 0.489583 0.371528 0.158854 0.108796
0 0.261719 0.820602 0.127604 0.099537
0 0.347005 0.938657 0.162760 0.081019
0 0.694661 0.826389 0.173177 0.129630
0 0.173828 0.197917 0.087240 0.118056
