0 0.623698 0.344907 0.205729 0.138889
0 0.434896 0.248843 0.247396 0.141204
0 0.310547 0.100694 0.183594 0.155093
0 0.088542 0.246528 0.171875 0.178241
0 0.287109 0.586806 0.154948 0.229167
0 0.125651 0.503472 0.240885 0.206019
0 0.842448 0.442130 0.119792 0.208333
0 0.508464 0.733796 0.279948 0.226852
0 0.430339 0.887731 0.082031 0.131944
0 0.055990 0.767361 0.109375 0.127315
0 0.694010 0.192130 0.184896 0.125000
0 0.779297 0.231481 0.050781 0.129630
0 0.889323 0.700231 0.143229 0.155093
0 0.752604 0.666667 0.078125 0.180556
0 0.594401 0.495370 0.141927 0.111111
0 0.608073 0.618056 0.208333 0.115741
0 0.682943 0.798611 0.105469 0.333333
0 0.957682 0.924769 0.082031 0.118056
0 0.250651 0.755787 0.149740 0.164352
0 0.067708 0.377315 0.132812 0.111111
0 0.470052 0.412037 0.119792 0.175926
0 0.798828 0.881944 0.175781 0.166667
0 0.619141 0.074074 0.087240 0.143519
0 0.412109 0.966435 0.118490 0.067130
0 0.891927 0.192130 0.049479 0.129630
0 0.408854 0.079861 0.078125 0.104167
